500
213 466
977 264
110 486
676 226
182 814
763 387
162 871
39 285
918 201
125 845
590 271
383 638
902 276
927 476
211 351
101 359
281 298
547 663
165 877
219 939
665 672
127 841
260 984
64 289
68 689
311 261
305 606
44 983
968 780
65 933
390 763
873 867
768 231
221 144
436 282
179 942
865 382
336 140
656 443
257 140
897 393
669 254
739 169
537 859
127 237
660 635
82 317
283 779
109 650
563 666
748 209
581 481
720 711
76 803
357 908
945 152
466 783
513 573
930 184
303 540
409 974
751 797
532 589
133 778
950 248
494 642
148 984
907 400
469 548
991 801
448 571
291 953
996 196
133 779
338 500
347 389
575 725
845 151
969 645
142 339
609 327
313 964
757 828
4 197
995 362
106 928
590 773
585 952
10 747
654 725
296 255
375 822
989 957
36 231
398 381
164 556
712 907
104 187
830 672
128 338
137 847
418 401
349 767
915 156
538 448
400 982
420 475
78 300
313 883
338 546
285 273
40 715
817 305
536 710
407 327
192 571
445 551
979 496
871 946
170 403
383 836
766 192
694 833
665 966
766 368
706 617
523 957
523 496
627 453
346 227
540 569
313 706
654 776
409 208
131 625
478 214
715 273
788 428
481 323
238 644
348 400
326 280
853 627
407 329
866 984
613 334
501 137
295 312
919 449
911 715
787 353
980 746
910 655
204 841
865 646
227 937
258 532
577 982
945 290
302 864
596 168
249 196
664 238
428 374
190 714
926 831
719 458
154 906
101 477
688 951
874 396
201 861
747 205
279 694
178 551
887 970
189 681
877 601
951 244
671 206
76 409
282 374
197 512
55 955
698 820
672 423
396 948
900 750
656 556
999 201
256 607
274 393
752 422
871 921
411 289
665 158
406 854
815 646
2 685
515 454
568 164
696 443
91 754
171 754
850 943
468 471
387 217
793 261
262 326
989 154
561 222
30 638
375 746
136 562
953 986
237 670
379 777
494 775
879 139
218 632
956 816
527 874
15 703
582 722
959 937
136 964
492 144
159 724
379 501
504 644
777 533
414 748
312 340
505 913
756 333
434 541
267 565
857 964
523 554
346 401
646 736
713 539
82 326
590 287
105 368
132 712
49 518
236 365
176 240
75 668
384 839
831 845
440 894
160 154
438 265
102 478
783 339
608 510
630 887
803 298
343 182
826 598
534 243
247 521
10 564
878 802
347 220
102 554
205 238
921 353
534 332
595 289
697 409
699 937
515 661
242 224
64 326
847 635
218 909
256 642
164 961
88 272
481 601
388 356
71 562
654 579
251 982
218 561
811 454
62 238
839 728
433 388
519 344
663 610
570 364
257 636
65 670
415 433
744 372
806 139
626 204
466 903
147 483
455 250
967 502
252 225
550 260
382 609
888 987
974 268
534 570
471 363
842 451
863 951
768 358
507 457
282 396
863 761
802 827
457 964
287 254
697 968
472 375
382 457
307 427
558 688
146 269
596 602
685 535
945 554
855 899
719 694
178 761
843 697
527 856
545 422
729 452
936 546
406 987
699 403
950 331
907 550
635 337
210 892
896 707
808 390
366 207
541 767
16 308
83 357
291 507
424 830
757 801
572 390
915 798
406 823
778 933
393 290
248 516
281 459
475 171
120 256
916 404
113 974
846 907
757 361
928 758
862 428
20 166
762 570
229 322
140 866
138 801
820 827
965 485
57 556
755 477
672 796
67 151
175 745
799 754
672 938
785 976
711 435
832 608
203 614
838 792
788 255
528 630
934 822
796 219
722 561
140 202
0 422
122 844
461 239
587 224
217 740
472 187
122 661
939 688
38 551
600 657
697 783
506 182
604 372
778 158
323 148
592 876
411 309
699 174
95 642
350 951
983 678
47 580
170 363
96 810
16 286
945 230
742 213
844 183
436 957
437 595
558 402
312 186
968 650
169 578
360 430
592 294
950 243
584 365
630 845
71 405
505 606
267 673
444 367
186 309
649 690
403 524
463 865
378 891
317 360
867 344
778 678
648 355
693 297
550 826
190 860
996 202
305 718
838 221
824 329
390 770
468 307
916 345
954 560
537 655
868 800
315 270
899 398
963 714
755 296
404 988
914 385
858 388
886 737
138 278
199 205
142 361
200 468
869 788
72 490
99 143
720 712
912 927
145 835
65 446
614 781
662 156
128 842
609 768
60 680
52 141
938 400
989 953
596 158
615 650
480 653
488 378
13 263
569 414
610 153
441 272
129 665
140 305
343 330
395 443
414 603
324 900
580 349
