169
360 318
225 236
188 164
109 326
23 245
14 148
187 331
186 312
35 276
198 292
119 100
245 167
116 321
311 159
139 191
58 235
247 168
38 184
205 356
175 171
10 166
338 350
375 229
9 155
219 218
147 117
147 235
132 296
221 121
149 386
126 132
108 231
5 122
344 393
25 118
312 176
286 284
294 361
216 108
115 207
298 257
110 253
224 183
187 321
400 160
74 217
51 213
354 122
380 121
113 235
312 355
365 147
387 119
277 278
349 289
327 351
67 161
108 364
12 331
244 336
135 99
307 266
364 376
380 258
234 340
234 140
138 198
66 259
124 217
145 199
77 173
204 143
25 110
156 99
326 254
190 231
83 180
104 140
48 391
109 265
178 352
165 229
214 111
284 246
382 128
99 296
125 247
209 341
61 114
356 272
146 196
66 190
392 144
116 354
308 191
32 265
230 240
208 304
241 374
258 164
225 162
287 370
237 309
1 385
163 303
393 356
298 379
358 214
332 163
348 383
390 289
58 372
301 103
87 369
185 370
146 172
61 358
386 242
38 173
355 276
389 97
5 259
284 310
58 315
56 341
128 99
259 304
207 333
44 315
132 124
163 360
10 386
129 179
350 121
393 167
32 223
315 131
180 288
50 132
84 220
41 348
135 154
77 310
144 154
179 241
344 228
11 300
226 137
388 327
220 260
320 219
367 201
50 125
39 305
189 174
305 298
18 387
114 303
371 155
150 133
134 100
277 367
375 310
62 362
243 242
0 300
142 310
43 184
24 141
