126
289 123
379 151
236 330
394 373
81 275
371 309
38 124
202 217
316 303
52 232
383 196
16 370
345 196
126 107
196 276
385 145
223 250
347 252
19 181
265 265
368 310
259 344
310 344
47 352
393 136
17 207
339 216
185 196
264 350
353 389
209 316
33 243
345 218
279 374
258 96
335 318
252 173
388 319
256 122
255 188
331 221
92 146
24 212
76 227
294 311
240 239
211 257
355 200
119 283
153 166
136 177
269 305
150 280
393 270
37 368
263 224
13 355
204 338
107 144
381 350
191 122
366 212
54 366
225 382
368 255
231 355
46 290
397 388
312 275
243 252
330 276
348 134
134 386
127 222
8 331
33 132
143 293
86 150
119 106
336 332
290 236
193 139
45 118
222 351
388 89
256 394
339 99
265 219
369 90
39 313
228 132
277 259
179 220
6 290
135 164
113 238
322 374
324 224
49 329
152 366
10 143
142 273
302 91
74 147
235 325
185 261
214 177
274 116
52 309
58 174
57 378
190 219
42 360
38 144
384 205
255 361
58 149
267 116
329 127
224 197
166 245
345 192
210 287
87 162
191 239
380 366
