139
311 189
226 229
112 325
116 312
275 271
383 318
227 265
204 73
144 241
338 153
92 149
328 299
122 126
210 285
230 216
132 228
333 379
103 117
275 159
40 287
34 153
142 229
4 251
217 291
142 175
280 200
281 211
130 198
343 278
281 384
260 116
237 280
209 268
319 166
165 90
335 199
110 74
133 386
101 310
171 190
131 255
381 265
354 201
16 161
19 271
337 251
236 221
242 76
108 179
259 96
336 216
70 176
303 339
53 316
66 373
32 383
180 373
211 134
175 193
380 179
239 318
19 130
362 225
248 327
42 121
71 282
296 387
390 239
395 210
392 110
55 362
297 233
156 131
205 185
396 251
65 98
113 92
385 244
246 283
93 241
88 156
171 331
23 88
388 351
190 239
305 227
360 172
366 278
0 86
65 285
282 175
154 209
327 189
263 121
297 359
327 196
8 354
370 106
5 137
95 280
192 77
212 244
151 245
327 128
369 196
355 147
259 194
309 271
382 293
94 345
371 310
152 95
87 358
254 131
8 218
35 189
371 295
41 130
268 110
342 255
266 159
84 134
303 320
323 197
248 190
42 269
107 311
74 365
143 259
365 113
35 271
258 222
223 169
172 128
83 307
264 197
264 128
369 322
326 234
