500
141 402
716 620
755 529
970 681
754 713
558 567
66 705
236 713
422 447
1000 537
636 399
352 468
651 535
375 634
447 734
490 681
928 494
420 458
497 487
445 568
361 601
505 657
483 622
376 572
458 567
293 653
324 565
685 637
569 653
227 493
975 624
988 663
68 619
152 497
793 703
797 561
170 462
972 541
82 632
685 438
695 505
563 535
974 611
300 580
519 480
136 399
589 401
413 657
877 473
675 483
266 681
91 602
658 559
701 582
907 683
321 667
292 693
332 661
105 552
338 565
557 641
856 550
650 723
101 534
980 565
858 572
831 456
928 682
517 399
23 651
830 563
426 722
77 738
434 399
493 423
581 626
70 637
648 539
112 604
355 498
566 413
100 625
567 556
165 581
122 672
846 426
111 717
562 558
95 452
354 597
780 504
445 599
84 464
811 488
167 617
753 474
691 664
137 406
167 414
735 476
270 562
80 420
139 442
403 689
881 431
750 546
612 620
4 483
420 663
893 602
578 438
261 692
245 550
184 619
961 668
859 437
990 554
189 558
652 404
216 470
717 679
871 683
438 638
847 536
751 669
974 731
95 694
977 490
189 724
852 533
97 721
518 409
565 487
676 539
290 712
529 441
802 696
930 557
447 703
371 548
318 407
98 622
692 611
532 710
759 668
935 434
968 685
623 430
366 558
516 660
739 667
434 490
325 487
439 624
318 607
277 738
328 569
211 663
253 595
24 636
100 616
212 650
810 569
525 591
634 699
82 443
15 729
389 704
476 665
10 586
726 641
251 703
644 522
58 538
866 677
698 450
88 527
115 669
686 425
828 616
694 518
47 475
288 589
231 556
491 478
888 704
255 451
36 446
298 639
886 539
489 521
128 726
315 561
377 606
189 658
918 695
815 674
51 658
434 508
537 510
499 679
687 674
715 442
55 564
842 595
360 662
39 673
679 454
355 545
122 579
911 634
806 448
450 554
976 693
820 718
511 553
686 500
455 722
152 570
455 614
172 692
407 532
963 706
771 431
410 439
517 569
946 496
836 648
509 518
253 525
803 571
903 607
811 703
147 571
52 708
699 486
159 598
933 658
956 555
61 510
406 725
179 640
21 618
840 641
421 649
457 704
41 733
615 423
49 492
173 633
621 483
22 440
231 667
774 664
278 541
450 457
740 619
570 532
666 530
823 736
941 624
558 478
652 644
65 720
795 610
264 683
788 434
742 518
346 729
39 452
214 556
853 444
599 612
666 738
421 610
326 508
270 606
720 703
358 695
926 656
262 635
323 432
99 525
518 506
447 631
539 622
153 703
429 522
438 629
388 467
220 515
171 655
530 629
472 646
770 693
837 643
820 401
315 427
22 460
17 583
112 607
157 650
794 408
584 572
414 444
242 675
663 586
316 418
398 618
841 456
286 688
174 406
119 637
132 621
223 695
575 507
437 693
321 712
180 583
848 572
265 531
149 431
344 683
787 510
904 646
982 413
220 648
722 488
852 690
739 734
384 632
495 530
410 629
81 575
455 560
259 696
824 638
355 399
178 676
578 649
344 586
350 461
218 703
43 450
813 597
366 692
341 580
830 735
599 552
867 426
723 552
930 683
24 425
305 650
635 432
515 713
824 700
945 421
187 441
929 437
574 432
369 536
287 628
293 404
545 528
141 571
207 582
722 605
243 412
658 441
31 434
57 715
95 489
89 568
936 596
841 734
480 466
847 402
199 688
33 412
736 455
838 679
346 569
777 724
508 481
228 525
806 429
950 697
347 686
172 447
510 655
716 502
535 532
525 555
742 671
946 515
251 462
270 408
166 566
389 650
291 682
438 733
103 728
157 686
601 552
475 702
979 662
72 643
367 667
703 543
15 422
661 476
709 521
25 549
721 409
616 407
195 730
15 567
280 537
709 632
713 610
354 475
269 542
701 546
471 614
947 722
736 551
687 477
130 448
242 466
336 714
307 611
733 627
291 428
784 555
492 580
475 572
775 693
511 683
748 425
201 466
639 505
49 592
707 589
64 484
387 546
365 531
138 707
455 739
200 460
999 685
151 547
754 704
873 670
193 557
981 547
199 697
811 570
829 601
590 652
432 542
146 580
555 637
307 519
658 556
666 586
725 440
778 470
154 450
46 492
435 542
696 472
272 628
865 565
511 708
76 512
171 581
733 413
792 592
951 733
309 495
359 398
197 595
895 650
438 659
201 621
40 458
998 444
518 613
429 546
943 605
766 564
158 418
182 696
390 457
11 606
772 530
526 537
783 557
285 715
