277
211 269
371 213
444 376
270 73
616 464
488 234
704 569
436 341
233 560
107 123
199 287
694 376
569 285
145 473
200 126
14 517
500 29
752 279
323 11
220 392
503 455
351 59
783 496
499 385
109 564
333 147
722 183
154 594
294 538
289 290
714 315
394 295
351 116
623 285
735 41
624 558
72 83
601 421
652 370
328 60
778 53
89 308
270 616
739 611
238 513
346 102
146 154
639 40
19 364
595 496
225 277
22 657
724 101
615 552
198 330
558 630
623 500
40 479
781 608
260 410
339 551
41 272
463 87
534 299
292 333
279 287
368 569
338 227
190 566
343 392
208 67
494 49
262 423
137 192
308 553
441 62
54 73
395 269
213 267
373 91
517 84
383 181
463 89
235 299
497 304
219 62
127 627
644 489
176 327
363 486
640 540
714 365
711 109
283 589
187 204
334 13
611 24
113 631
132 168
434 116
349 353
318 10
589 522
613 250
648 447
492 100
659 678
555 416
545 532
692 107
354 207
57 270
706 8
93 304
769 164
792 246
230 584
386 463
586 105
296 90
198 479
295 67
467 97
383 222
11 159
496 236
748 277
213 300
704 340
444 231
197 600
230 406
595 458
692 225
88 647
93 138
687 465
329 421
384 340
790 312
662 190
289 486
84 679
732 297
502 518
433 679
168 51
9 265
4 136
680 201
598 535
556 466
0 474
63 278
77 521
688 144
162 525
762 494
233 71
217 545
227 571
339 268
12 336
4 446
152 107
467 675
198 456
794 343
346 392
352 363
779 539
707 346
540 657
463 56
247 347
613 443
436 194
800 652
688 102
306 518
241 681
299 63
320 667
493 122
624 9
171 32
457 230
220 62
41 248
161 208
698 302
67 27
38 560
283 684
462 534
353 614
443 357
787 536
546 493
712 615
259 453
265 125
517 665
541 549
655 305
132 579
295 140
83 78
584 284
330 418
48 294
748 307
388 473
248 544
334 355
448 649
321 38
478 574
331 466
777 318
564 43
217 503
612 223
785 549
459 420
735 637
567 672
606 386
238 433
766 45
782 269
624 547
509 631
146 102
740 408
374 290
53 12
426 87
161 480
5 179
625 123
799 578
790 54
137 657
398 432
56 311
700 542
482 668
129 630
112 461
55 347
436 402
601 53
320 276
391 12
622 290
55 651
629 624
124 400
88 536
387 302
730 469
772 275
769 271
234 133
761 131
671 604
636 417
157 648
409 387
404 411
241 585
380 222
597 407
583 399
614 138
677 524
