500
376 556
925 348
540 159
840 799
264 522
58 206
581 633
293 810
585 771
303 188
428 483
487 424
671 390
415 618
190 698
199 549
11 325
120 127
302 448
300 135
682 769
733 265
721 270
385 156
951 272
362 706
413 179
816 217
284 371
429 515
314 700
638 642
847 840
64 676
871 156
143 301
477 738
422 850
847 719
278 521
575 523
858 401
852 342
201 611
446 373
840 744
835 829
537 145
661 234
709 723
675 268
428 847
664 843
604 477
765 811
445 747
781 525
374 200
449 375
424 834
351 717
902 173
912 467
292 802
886 181
818 599
912 904
854 782
295 622
715 113
496 463
5 500
682 572
510 409
288 554
920 187
69 257
99 659
133 547
22 498
293 660
674 175
555 651
771 769
293 870
765 172
961 361
263 604
976 251
124 819
779 846
474 557
823 757
35 334
550 354
153 611
13 354
943 305
587 711
995 736
425 432
330 136
944 888
696 700
151 391
328 268
328 500
777 720
856 342
978 311
692 743
969 635
832 676
951 551
999 576
871 122
821 564
454 765
608 407
237 162
787 832
471 651
124 375
813 122
296 900
77 875
652 466
484 425
382 241
231 306
263 282
958 800
438 186
178 630
845 503
281 281
893 757
300 390
962 377
131 185
623 481
68 852
783 703
898 685
352 711
61 670
221 278
616 304
501 649
563 652
379 718
525 261
266 149
125 880
797 220
940 634
401 427
8 349
712 898
290 337
443 660
60 739
966 449
672 791
3 310
778 597
902 289
40 129
765 504
76 359
936 176
452 868
670 283
986 274
390 434
134 158
332 274
824 270
976 143
773 394
219 723
11 116
864 122
10 171
826 495
830 505
324 629
326 887
930 826
582 657
479 433
329 555
800 650
772 730
463 501
727 743
643 637
570 232
274 240
267 203
244 765
162 754
306 584
158 574
954 547
945 190
187 185
478 494
115 497
286 347
757 318
465 494
758 197
583 255
40 251
849 572
386 784
992 692
376 651
19 462
777 818
814 879
987 574
15 183
933 142
183 250
735 215
519 841
947 731
208 120
480 603
144 798
207 842
534 436
683 582
844 125
721 522
933 121
860 681
296 449
333 524
3 375
174 132
944 494
288 337
201 767
337 397
859 356
442 573
314 257
795 876
236 195
865 202
54 289
872 182
149 578
240 151
29 255
297 457
810 371
836 794
331 653
265 896
513 251
287 470
713 152
620 848
269 342
153 546
909 129
786 771
74 255
307 514
329 581
259 351
116 290
709 825
587 662
587 617
543 884
978 908
126 217
387 429
611 258
622 374
219 705
520 357
153 284
650 604
849 692
214 354
896 143
3 152
538 834
22 139
98 347
359 875
118 345
837 278
648 618
27 739
851 417
690 527
326 833
415 425
850 595
511 700
400 222
30 661
777 286
195 676
903 130
550 655
30 338
241 683
369 222
313 539
696 697
245 465
776 807
906 481
505 680
14 678
123 851
844 631
265 729
527 659
445 374
26 571
789 549
678 828
59 521
423 377
850 376
651 617
882 274
996 563
170 657
492 638
999 843
468 158
699 547
161 347
151 368
294 506
915 423
844 734
764 118
26 842
448 791
353 256
469 456
40 541
317 118
771 647
397 260
62 465
942 685
95 393
948 440
635 618
907 336
756 710
907 853
731 298
769 362
180 524
119 875
676 386
905 828
63 884
122 577
914 205
529 520
520 383
45 376
89 263
223 846
327 383
899 783
264 773
254 755
852 648
218 302
672 762
667 429
994 302
536 285
500 795
57 231
993 130
766 861
205 829
599 405
417 864
63 657
552 829
747 276
88 428
42 182
209 156
651 611
216 555
938 694
392 750
603 217
481 415
637 868
447 357
713 806
61 730
979 303
102 850
422 790
424 229
785 356
884 528
902 484
565 603
841 756
643 791
699 424
276 815
246 211
334 119
391 217
856 339
289 861
551 355
217 728
856 749
160 450
846 875
424 613
140 847
893 194
837 184
74 668
181 542
674 347
998 427
407 623
557 797
810 854
557 467
406 204
146 905
107 873
73 884
906 755
165 177
794 217
274 818
125 198
915 625
471 516
154 795
662 171
543 223
763 340
838 769
671 190
826 434
558 631
870 334
704 282
475 509
43 225
272 149
86 179
21 642
982 298
952 119
610 548
223 240
716 638
479 374
59 117
207 360
637 883
609 524
481 845
531 152
976 521
185 652
272 406
57 791
45 870
2 216
675 659
258 645
635 548
5 402
962 874
784 523
244 198
919 886
20 351
328 280
276 212
