336
652 608
702 677
190 315
75 138
755 538
401 290
246 76
379 667
476 156
746 97
636 220
777 246
461 363
653 382
594 70
292 509
619 547
730 360
652 406
478 20
140 629
131 349
410 210
188 235
639 366
137 691
742 462
617 283
548 186
275 222
736 570
473 211
730 573
55 465
160 165
180 619
494 701
23 191
184 379
685 465
276 84
594 528
702 100
538 590
74 34
234 338
656 464
118 367
472 113
654 467
689 428
650 355
710 398
385 368
47 491
122 318
455 436
434 663
361 187
777 476
31 554
591 434
650 482
212 253
677 318
381 400
76 704
498 620
722 297
156 718
503 685
76 630
640 247
225 483
39 480
357 637
422 82
178 287
481 250
484 643
271 540
495 637
14 104
638 557
531 302
249 138
364 681
249 628
351 358
323 494
166 58
575 471
133 243
301 621
428 331
566 223
649 165
397 152
686 596
339 88
780 358
772 237
123 278
166 672
645 176
500 60
488 361
223 719
23 546
493 133
45 685
435 585
175 422
171 668
234 257
250 233
423 255
223 404
718 299
771 277
780 414
598 652
466 671
767 205
44 559
432 107
541 329
152 610
402 657
549 415
26 403
219 714
507 302
706 608
747 355
507 626
429 624
313 675
19 613
413 700
760 496
764 197
18 579
732 354
775 682
589 233
253 216
657 521
594 409
543 314
589 715
340 260
208 470
749 158
247 260
720 616
520 707
696 174
271 433
402 562
195 70
749 112
451 218
266 93
303 346
74 61
269 689
265 220
349 397
95 600
179 210
486 398
594 688
263 447
183 402
636 61
174 254
451 119
704 586
567 314
759 339
226 31
213 540
552 480
360 332
160 126
489 143
594 443
448 595
769 203
439 285
697 321
185 583
286 441
232 476
58 355
613 501
675 75
673 565
671 273
171 406
394 407
439 431
52 663
402 38
603 81
783 263
275 253
782 591
445 108
319 152
178 368
343 460
144 715
144 716
520 267
551 144
573 131
440 456
497 184
127 442
761 418
116 288
310 507
265 70
442 392
155 445
279 468
228 258
77 85
751 377
292 102
588 137
199 160
41 136
391 350
653 563
211 674
220 686
211 178
263 606
725 173
343 340
271 342
725 35
296 716
144 477
520 87
478 112
259 126
316 221
326 106
481 706
243 555
223 193
440 110
300 667
252 137
231 316
39 626
666 437
170 713
725 170
89 690
175 234
179 584
574 423
725 474
246 124
674 126
775 425
550 324
3 693
219 460
349 529
566 360
660 32
488 721
388 585
616 432
215 627
75 120
417 494
261 68
158 224
104 610
572 641
40 218
669 90
13 121
375 412
470 188
580 28
298 138
410 132
533 638
239 157
200 679
743 448
384 648
535 714
797 263
749 141
512 701
7 583
297 697
501 628
591 143
353 37
523 665
27 505
318 638
118 123
552 544
255 480
770 69
325 161
317 188
560 42
237 309
617 195
164 128
120 119
426 599
213 562
432 520
118 313
131 228
323 396
123 174
630 523
590 124
505 126
737 208
160 261
461 480
