406
172 439
237 207
316 312
186 503
452 648
152 193
682 269
475 673
367 362
464 202
75 568
783 480
667 232
194 327
571 490
297 540
68 363
430 645
370 547
680 246
484 156
71 328
225 310
171 253
676 649
272 358
775 624
36 427
199 220
136 317
711 347
209 321
622 347
521 223
535 396
734 211
620 313
196 312
698 239
719 455
488 507
308 595
228 508
347 259
485 483
620 405
66 626
363 662
122 579
329 673
376 190
64 478
259 501
644 428
746 269
438 396
130 414
408 209
582 378
253 396
33 649
419 644
530 388
342 665
654 627
737 412
3 153
110 374
775 446
187 237
261 407
494 462
499 153
138 457
280 478
481 223
559 632
517 680
444 533
629 224
381 599
586 434
383 514
136 600
789 167
242 303
30 206
583 353
716 189
703 661
396 406
683 505
404 422
84 259
277 374
713 375
230 411
3 591
161 396
612 295
117 407
223 493
148 360
26 208
298 403
675 424
107 527
286 615
490 638
693 394
327 445
23 417
30 544
205 247
374 443
145 605
45 313
333 467
287 300
277 524
202 275
421 490
776 584
573 447
302 157
647 310
790 393
649 234
154 216
718 245
337 558
282 298
523 492
254 169
281 502
26 230
232 656
483 235
598 287
695 481
627 559
746 162
202 265
0 190
107 421
478 383
355 504
331 593
408 423
749 276
487 272
94 213
428 627
198 410
2 482
136 493
692 506
70 377
653 161
619 496
210 395
16 471
420 384
110 461
647 190
167 422
572 590
98 617
407 172
49 350
318 247
31 550
663 402
524 520
577 475
345 372
502 216
184 485
98 535
292 480
438 371
248 334
543 588
272 271
784 464
291 348
504 445
41 203
367 265
194 408
522 552
725 607
499 663
13 274
191 459
732 380
610 523
544 557
676 304
755 218
168 622
671 509
732 195
4 650
697 470
81 323
37 399
553 302
670 229
70 533
342 669
152 302
36 428
26 598
388 234
38 341
736 527
583 680
581 226
434 474
535 167
67 196
111 681
592 430
598 321
49 192
355 510
459 336
775 579
477 481
217 500
570 270
281 174
798 668
624 588
423 235
248 240
796 163
765 156
557 288
250 569
78 656
708 546
545 246
46 169
104 674
758 631
483 480
312 428
352 176
588 379
68 351
604 601
575 231
484 376
713 646
448 346
439 229
652 454
404 333
134 550
142 637
393 417
78 645
197 199
275 404
531 448
1 374
119 153
296 546
630 364
258 257
501 673
327 655
301 152
552 260
377 262
403 198
592 543
322 483
770 537
480 215
631 652
230 278
406 205
626 317
616 502
41 261
777 305
249 433
156 313
435 293
694 375
69 465
575 310
251 190
553 200
327 280
490 457
84 291
98 426
638 186
180 421
384 442
649 565
466 221
518 316
628 668
161 579
498 496
629 244
717 442
480 540
273 180
588 419
637 651
73 332
26 359
767 351
298 180
159 323
522 433
219 577
648 185
671 333
216 503
714 303
0 656
251 643
157 496
242 507
300 217
543 210
559 572
656 487
54 547
143 365
18 453
8 194
437 520
96 305
527 303
555 541
148 344
202 364
385 216
322 232
36 556
704 311
287 617
800 352
217 339
34 617
560 605
630 490
549 565
702 279
464 669
624 593
554 496
301 329
56 441
336 168
413 215
292 196
322 673
548 502
518 174
22 537
552 680
505 272
86 627
798 430
156 573
605 291
360 670
694 332
589 497
528 399
416 337
593 502
520 595
339 293
307 651
122 308
211 562
692 647
692 512
440 330
428 173
152 541
741 443
448 604
510 321
709 281
767 212
50 408
230 638
48 262
288 544
449 411
391 435
609 474
706 199
95 400
181 427
