313
180 624
88 591
537 124
140 660
800 584
728 725
247 487
740 286
97 465
331 113
791 661
27 301
122 140
313 303
669 245
169 246
592 266
21 482
310 221
567 750
53 279
186 126
430 754
243 754
645 163
417 198
165 567
696 135
181 751
378 516
475 703
692 128
329 386
258 635
370 487
47 364
72 384
703 596
189 643
562 232
304 689
85 227
347 738
322 255
669 280
42 162
132 672
582 302
135 679
99 343
185 269
420 405
96 204
544 311
332 246
97 709
246 675
130 337
501 354
662 658
296 124
292 611
26 562
235 557
432 486
655 278
448 457
39 737
445 253
699 397
80 730
629 145
9 511
531 474
406 682
219 127
589 221
539 445
701 341
270 544
152 491
266 471
612 755
130 393
586 713
235 456
141 609
231 710
630 439
446 698
187 725
179 260
99 655
385 449
496 700
514 420
11 155
562 259
647 401
219 196
401 544
82 292
566 138
17 176
113 390
460 286
705 178
388 486
578 493
683 262
595 369
736 741
1 234
378 759
565 413
320 560
769 307
767 304
437 272
571 402
10 241
405 711
69 605
621 352
86 359
753 248
192 563
509 561
338 568
443 641
72 589
467 562
671 554
788 250
17 208
192 327
743 524
288 179
373 385
340 444
619 696
284 554
253 574
310 373
733 746
712 156
620 347
564 241
619 349
602 735
283 636
308 689
788 457
508 707
539 160
475 575
596 156
725 701
274 480
577 561
566 249
160 245
429 593
797 623
715 590
788 679
486 680
396 629
505 679
255 446
776 739
627 686
13 175
630 311
770 667
571 635
309 339
386 350
737 432
463 662
533 670
728 623
642 666
287 263
146 130
170 148
195 315
514 439
9 199
15 185
166 653
123 329
741 706
25 213
565 505
32 245
545 761
669 139
563 666
399 209
337 279
90 627
114 666
440 661
604 654
687 256
468 209
216 380
544 602
29 479
533 380
16 368
756 528
693 598
117 387
563 135
321 420
171 555
794 395
6 400
489 399
397 191
356 422
130 457
620 755
268 689
69 280
416 380
26 751
335 525
409 580
88 122
202 467
145 381
605 220
590 378
25 146
702 489
213 656
54 661
684 602
352 598
361 466
39 219
136 582
162 282
390 415
115 612
671 346
621 118
775 346
353 611
400 287
123 714
215 730
395 442
730 141
427 560
129 623
524 190
416 622
458 743
238 620
516 665
44 272
124 650
45 578
160 490
514 140
324 288
691 572
651 563
154 320
294 713
66 169
358 301
585 226
414 305
796 440
758 380
770 340
1 355
615 169
101 575
647 359
289 231
83 325
270 516
12 729
462 129
449 511
618 206
263 435
776 171
321 508
448 322
646 333
347 304
541 599
196 495
44 739
650 213
115 552
697 165
661 587
444 712
737 150
402 555
652 339
375 475
743 312
652 466
213 422
