500
482 746
308 363
594 285
320 490
6 252
66 170
721 491
644 368
124 683
487 396
454 791
204 662
658 164
558 701
898 653
493 478
262 633
59 256
341 688
976 309
935 253
823 405
100 298
400 293
156 459
962 470
495 669
628 273
801 509
195 579
676 263
202 249
214 234
838 753
297 573
288 697
612 582
672 733
485 159
215 826
545 158
201 712
734 700
696 388
564 297
832 629
132 505
124 807
138 770
939 598
476 549
469 585
591 448
6 476
954 664
246 172
10 204
386 280
161 308
849 556
502 561
450 344
180 547
973 732
83 630
682 310
854 188
789 252
803 754
916 461
797 160
30 498
304 195
393 354
297 324
546 796
919 256
7 663
402 474
576 777
918 399
810 491
285 735
546 238
404 632
410 285
955 540
616 736
154 363
984 787
796 463
419 198
305 327
167 554
406 804
985 732
827 402
444 717
858 290
27 646
243 540
549 362
769 752
845 488
388 403
348 325
784 497
39 328
173 523
790 561
3 724
729 328
623 510
431 533
918 603
815 483
850 217
370 628
160 300
404 749
737 248
503 325
143 787
209 406
917 204
512 482
327 483
675 390
194 680
697 762
903 591
719 656
559 440
430 657
854 371
297 728
670 248
18 758
998 174
425 750
452 803
543 165
968 262
663 607
218 159
985 317
928 535
648 354
52 748
723 781
449 581
266 214
495 800
223 500
474 819
831 292
434 599
236 653
634 269
133 689
40 280
15 681
296 353
293 706
312 235
992 670
379 505
58 488
511 321
420 663
617 396
782 274
17 232
259 312
600 185
80 319
368 211
40 353
67 352
642 508
290 380
633 607
577 708
747 348
693 156
239 632
727 408
77 662
980 761
291 210
880 224
662 451
410 310
61 365
341 510
486 215
160 617
70 562
826 179
514 760
262 595
781 814
421 714
765 364
517 501
396 355
961 639
820 632
581 516
661 467
419 288
460 556
402 308
577 256
301 328
946 293
281 313
358 380
90 361
392 310
486 260
685 711
420 676
162 275
455 602
700 768
388 805
647 214
717 729
77 745
814 816
637 290
610 779
740 689
536 704
685 319
458 282
256 773
908 411
239 333
956 434
726 671
635 181
931 222
943 456
159 192
940 511
412 625
139 206
229 431
73 195
558 432
532 389
547 811
120 614
345 202
388 768
337 326
497 326
289 755
151 816
791 400
12 537
298 660
793 273
788 258
203 276
20 720
575 298
207 513
871 694
459 762
841 499
529 781
547 314
268 639
366 611
520 642
776 372
713 283
758 286
930 534
228 227
422 526
216 479
877 647
787 512
869 398
245 402
565 496
577 788
391 721
366 668
481 573
349 776
456 531
427 217
353 449
429 686
38 591
695 200
468 479
436 692
163 592
956 327
935 691
182 536
555 533
513 566
36 608
517 468
702 717
28 478
82 408
658 387
932 231
819 790
113 374
919 614
740 483
299 662
831 341
659 829
997 272
727 425
628 643
322 610
479 715
296 721
373 791
929 646
389 467
116 668
753 589
870 749
344 613
739 617
558 716
232 179
749 324
540 491
899 184
651 685
759 703
816 800
474 488
325 800
254 777
688 785
544 816
638 457
246 792
501 525
956 664
19 710
989 490
551 408
652 208
487 465
920 705
368 306
801 335
418 374
140 216
969 325
488 786
229 721
374 159
58 487
731 411
102 410
87 569
551 230
342 397
279 743
337 549
374 646
337 459
733 261
875 555
237 496
280 158
111 340
613 371
101 339
870 788
378 382
516 204
678 739
953 686
339 198
777 257
597 741
210 697
735 543
565 761
449 713
46 305
970 209
170 765
278 555
799 309
958 531
60 764
664 257
604 716
938 225
578 217
180 299
428 701
131 476
420 548
899 737
417 494
932 454
560 290
820 453
451 153
571 241
52 185
137 183
664 403
710 556
196 543
788 283
205 304
396 803
390 355
427 205
295 448
687 313
254 323
238 782
951 562
426 827
77 213
232 353
685 565
940 557
959 651
417 232
796 431
504 705
175 222
539 675
531 304
793 348
979 656
527 720
903 811
824 469
753 435
342 644
106 566
243 654
467 178
288 530
336 659
321 431
541 223
166 722
130 751
953 396
690 348
173 372
234 807
230 224
582 619
988 295
782 275
906 801
464 354
588 187
908 544
961 595
300 772
846 790
331 469
597 689
238 487
653 227
113 329
354 734
606 547
635 410
924 620
622 512
36 808
107 160
300 690
405 444
316 250
766 522
360 594
647 418
604 710
506 798
699 664
374 163
858 282
