90
400 357
57 202
361 135
118 326
324 168
384 143
171 113
302 350
80 193
349 97
304 115
107 128
183 91
8 52
319 321
241 94
25 67
196 368
206 209
103 176
221 292
69 316
270 119
331 285
46 85
340 321
395 246
257 79
220 165
98 137
272 177
9 127
372 221
128 338
127 85
400 358
266 256
272 269
167 256
173 338
267 280
52 362
288 339
320 367
368 245
183 108
21 71
281 291
115 62
56 208
295 111
101 177
218 161
73 197
329 245
380 237
209 157
60 152
109 288
18 267
224 80
155 89
30 180
44 201
39 226
125 125
225 350
177 359
235 148
19 340
159 270
346 338
329 369
43 317
106 91
333 355
256 198
196 264
217 295
190 319
152 114
55 191
197 103
7 243
345 116
101 48
85 140
273 214
177 217
64 231
