223
14 327
165 216
319 79
316 330
398 77
60 28
118 100
10 79
151 63
33 240
351 240
66 66
192 277
125 135
113 47
310 242
78 291
21 131
7 314
279 284
182 291
191 136
208 22
84 42
199 37
341 261
359 173
334 85
132 183
352 275
68 286
398 195
151 13
109 198
250 351
253 240
321 16
262 297
9 112
310 281
125 317
365 246
97 342
122 89
176 151
217 130
276 276
131 104
4 105
131 327
372 123
318 331
356 178
29 200
105 277
86 40
54 65
342 344
37 165
211 290
333 65
362 317
91 271
32 183
256 67
2 260
104 211
387 236
70 136
325 273
399 112
47 336
187 332
136 113
333 12
114 328
34 223
238 35
397 171
118 223
180 52
108 356
69 342
256 19
279 209
396 72
208 12
387 280
91 351
290 209
12 177
144 256
305 13
333 109
111 55
75 322
338 122
228 287
147 138
167 182
103 95
237 80
88 223
252 265
227 21
366 175
25 292
195 229
293 214
51 230
99 188
132 14
304 297
142 235
331 194
134 346
89 267
71 272
208 205
353 129
182 340
202 183
100 191
103 326
254 287
179 342
320 13
299 23
146 59
199 80
138 183
222 255
285 253
30 342
87 158
49 280
22 176
329 363
390 205
199 168
13 184
1 230
153 47
298 178
119 355
230 217
281 158
354 37
13 347
334 356
111 339
97 116
294 227
344 351
25 231
24 131
47 82
265 152
13 37
183 125
213 227
242 146
253 308
218 131
154 275
222 123
174 259
164 68
288 319
161 37
83 53
251 121
30 84
9 55
213 347
173 344
22 284
291 50
384 324
264 86
32 15
166 35
89 91
0 12
251 29
173 31
284 53
8 215
161 50
277 114
152 267
76 58
201 132
317 148
361 238
189 101
366 350
316 53
227 358
164 342
101 336
358 42
354 53
4 229
95 73
58 168
337 344
11 30
306 134
287 133
291 161
5 96
209 10
382 89
340 93
159 268
274 21
167 139
336 325
236 219
266 341
113 195
53 127
