438
218 633
182 523
607 342
334 440
325 570
380 380
741 608
108 455
262 662
764 309
433 574
188 564
53 548
763 150
193 517
353 178
495 156
242 299
27 282
395 253
352 425
144 189
249 211
160 484
265 465
319 319
363 377
464 639
756 146
513 542
369 327
63 209
532 468
477 335
129 164
208 496
588 643
165 179
82 362
169 342
412 169
461 184
227 412
791 208
598 262
128 641
333 292
97 416
544 273
738 661
635 525
467 409
755 295
186 639
510 614
262 336
553 613
598 171
167 475
249 411
69 397
157 210
788 544
722 635
256 212
555 406
666 227
6 288
143 485
267 442
310 578
601 158
320 283
661 160
684 223
429 650
236 258
629 312
740 175
742 186
340 557
552 643
591 351
278 201
469 308
283 561
100 574
39 442
439 348
499 661
1 584
248 248
239 598
346 603
266 364
504 508
790 480
601 274
482 433
153 421
590 158
294 441
510 550
574 248
152 418
663 438
567 388
598 244
469 554
294 511
647 517
88 454
82 309
666 168
303 581
518 413
701 153
519 634
622 233
259 530
324 380
619 456
522 232
429 483
334 462
569 460
6 223
330 262
183 317
168 604
9 482
174 187
572 576
505 660
267 514
793 368
550 571
617 609
678 436
273 624
469 629
733 357
489 248
714 617
278 594
360 541
28 345
796 457
627 494
788 206
211 521
420 504
191 547
54 361
633 646
380 385
70 627
618 528
219 480
120 200
238 198
378 252
560 566
647 537
260 608
779 488
633 383
89 318
487 413
59 354
575 606
221 377
589 441
258 314
388 195
357 610
233 630
709 453
82 361
572 151
10 174
178 518
511 255
232 187
505 253
539 256
778 374
466 621
334 624
258 184
411 179
72 349
684 441
714 175
568 226
253 505
632 461
690 352
152 629
466 629
343 476
578 377
660 543
380 421
557 578
45 477
584 260
134 305
181 253
203 274
406 230
445 662
775 571
474 251
143 655
693 572
746 457
70 189
386 466
674 618
757 442
684 516
274 328
588 301
361 242
798 190
105 167
83 234
384 452
593 267
158 192
769 419
234 208
378 384
168 640
759 503
76 641
51 643
734 225
781 461
384 502
571 551
208 396
423 166
354 630
235 617
138 166
743 655
491 502
270 197
410 418
382 257
246 466
96 340
317 598
84 554
324 430
743 182
405 611
757 272
190 563
639 442
269 168
593 317
154 410
423 428
321 365
380 338
437 297
190 445
726 603
531 294
582 152
52 582
186 385
545 219
301 482
529 437
752 604
236 631
754 662
675 653
368 606
420 552
463 504
530 386
549 211
21 485
264 391
107 497
533 261
642 318
615 380
174 314
797 640
764 595
257 616
213 588
43 171
395 662
166 610
7 153
337 451
211 569
389 169
425 224
474 164
187 577
403 265
325 447
306 206
703 663
412 479
614 337
462 294
350 527
277 398
554 598
176 284
58 446
390 496
7 463
244 503
379 220
386 513
607 315
749 264
404 568
562 507
641 542
459 490
404 386
90 490
499 287
410 463
712 268
371 220
72 544
432 419
346 287
323 511
3 594
394 491
539 328
621 419
293 438
164 203
401 394
110 391
257 375
49 328
139 441
342 341
323 252
556 432
325 355
560 548
486 613
408 561
578 344
683 211
747 367
483 199
234 653
287 282
292 597
490 302
712 511
255 148
585 367
425 613
686 636
309 203
574 539
520 391
162 485
87 382
685 293
134 472
403 604
493 419
374 326
708 515
186 332
260 168
460 297
570 575
137 416
473 170
416 612
723 440
54 513
232 644
105 551
382 164
728 626
591 251
20 391
779 608
161 530
635 294
651 341
6 174
57 427
756 309
158 449
475 154
604 564
431 646
721 509
110 291
315 330
198 174
605 567
10 594
364 595
474 262
708 261
600 336
759 218
1 587
755 239
515 642
535 510
242 538
742 247
514 388
136 506
231 207
405 302
452 536
328 227
389 147
679 434
509 319
780 308
343 319
454 445
