500
167 762
326 567
385 426
209 728
307 503
794 804
638 688
47 408
667 760
791 343
533 332
990 640
972 826
978 406
568 769
750 497
395 517
641 593
653 561
196 713
665 550
601 783
559 749
138 428
819 444
241 576
356 765
417 797
26 511
869 829
172 790
676 348
623 609
695 561
991 525
875 671
743 702
422 423
763 636
160 562
775 757
631 790
171 629
808 806
362 530
637 641
968 668
382 620
592 667
257 404
735 795
642 534
703 608
373 510
893 512
774 762
24 670
380 788
452 465
641 525
764 520
946 710
888 471
303 439
549 481
376 775
87 362
84 754
746 593
295 714
390 546
597 557
914 693
6 572
516 476
309 683
679 473
615 775
448 516
240 770
173 493
258 525
127 370
227 550
21 723
255 559
765 445
237 543
676 606
793 440
998 744
373 685
937 486
365 391
227 450
960 821
280 434
883 791
36 450
585 720
883 822
747 475
340 577
58 510
537 399
362 511
704 410
945 422
85 411
846 784
983 665
621 705
179 624
166 676
902 700
447 633
329 664
954 594
166 411
456 348
155 341
69 530
137 356
192 617
625 566
260 655
641 762
640 754
66 617
311 703
103 677
728 825
188 512
596 611
648 791
608 456
447 587
158 607
452 820
776 491
1 752
780 447
209 800
743 799
822 533
129 610
291 439
194 429
390 736
221 759
875 489
27 415
813 362
400 349
790 534
913 353
9 375
500 561
55 362
942 568
161 804
421 549
273 488
64 332
227 393
86 593
676 720
286 600
765 554
281 474
698 642
908 803
770 793
959 553
903 626
283 663
565 661
238 619
272 723
412 597
195 408
549 362
421 471
978 668
301 337
821 830
450 459
927 400
856 781
600 568
408 712
657 393
314 347
332 436
942 377
123 483
185 533
260 499
567 666
519 414
546 652
986 710
135 398
844 768
811 694
560 549
951 770
222 432
195 810
438 706
923 422
292 654
704 343
824 425
327 477
883 779
188 738
138 732
864 768
684 452
985 653
795 680
294 506
310 636
98 433
657 450
579 456
893 666
407 379
367 425
511 422
828 519
276 439
150 576
327 746
44 333
477 695
969 604
639 759
14 651
305 540
700 627
132 555
327 365
366 387
63 524
319 591
880 444
65 567
934 803
677 674
485 606
578 806
100 378
532 656
610 592
686 425
676 393
566 697
655 567
235 334
887 509
209 745
505 452
518 503
806 559
147 604
329 451
708 587
272 702
457 503
611 356
30 729
83 587
724 708
419 389
617 578
102 631
270 481
764 496
343 361
641 787
876 716
842 468
267 800
467 455
392 409
352 794
482 518
843 770
991 609
926 761
146 490
19 781
581 539
948 646
80 520
970 486
363 348
75 715
271 813
750 468
967 493
964 748
245 365
817 767
819 614
771 785
743 456
106 552
303 545
118 738
158 746
657 543
690 804
88 424
241 397
436 539
124 382
455 519
422 696
121 675
244 479
681 822
159 802
790 756
20 577
249 483
36 345
991 816
36 352
531 721
329 426
116 497
51 565
285 354
954 468
468 536
517 726
499 475
993 627
733 335
405 635
408 690
200 727
678 574
236 643
71 608
704 532
834 398
369 660
135 509
391 533
449 516
174 355
658 828
311 503
659 474
471 822
108 441
701 756
943 504
134 354
70 426
606 669
114 562
964 644
660 658
850 658
303 391
910 664
106 546
380 585
136 399
365 476
488 749
585 701
392 795
840 430
529 333
387 495
980 823
387 459
823 360
586 618
238 722
99 378
792 671
957 671
164 435
505 392
334 606
311 714
970 411
901 744
550 456
738 639
778 380
383 337
840 387
397 604
645 407
486 663
255 784
44 750
517 519
881 633
155 577
233 437
240 582
929 760
634 705
686 719
674 579
108 609
886 344
672 565
179 436
365 761
640 777
826 701
285 378
931 583
985 659
529 443
845 394
726 625
316 769
280 449
966 490
606 539
920 348
657 628
154 766
453 333
815 698
497 563
645 527
412 675
504 819
534 399
63 798
241 803
760 508
241 476
135 387
957 710
886 547
150 606
994 446
628 451
27 528
261 356
867 791
194 411
626 486
850 483
196 503
677 760
236 510
930 436
390 512
576 720
452 354
965 765
899 823
395 702
443 564
6 538
270 734
553 500
543 776
216 632
853 722
933 658
835 362
270 331
458 566
610 368
778 459
527 330
890 778
616 827
249 788
189 476
905 807
32 722
768 510
209 509
240 636
642 471
370 741
67 482
297 620
34 439
99 500
177 431
73 818
549 356
159 486
